1
2
3
6
7
8
10
17
18
20
22
41
42
46
49
63
64
69
70
72
75
82
84
85
87
92
94
97
98
99
102
103
105
107
108
110
111
112
113
115
116
117
118
119
122
123
124
127
128
134
135
137
139
141
142
144
145
148
149
150
152
153
155
157
159
161
162
163
165
166
167
168
171
172
173
174
176
177
179
180
186
191
195
197
201
203
209
211
214
232
237
238
241
244
245
246
257
260
261
262
263
265
266
268
269
270
271
273
274
275
276
277
279
280
281
282
283
284
285
288
289
291
292
294
295
296
297
299
301
303
304
305
306
307
308
312
313
315
316
317
318
319
321
323
327
328
330
331
332
333
337
338
339
340
341
343
344
345
346
348
349
350
351
352
355
356
360
361
364
365
367
369
370
371
372
373
374
375
377
379
384
385
386
387
388
392
393
399
401
403
408
409
415
416
427
431
433
435
439
440
442
444
456
457
459
465
466
474
475
479
486
490
505
508
509
510
517
518
523
528
534
543
548
550
555
561
564
568
569
572
573
574
577
579
584
590
598
600
611
612
620
623
624
626
627
628
629
632
633
635
638
639
640
644
645
647
649
650
654
655
657
658
659
660
661
662
664
665
666
670
671
672
673
674
678
679
680
682
683
684
685
686
687
688
689
691
692
693
694
695
697
700
701
703
704
707
708
709
710
711
712
714
717
718
719
720
721
722
723
730
732
733
738
756
757
759
760
771
806
825
834
835
841
853
857
864
869
874
880
881
889
896
907
918
934
935
939
941
954
958
974
975
981
986
987
988
991
1001
1002
1010
1019
1032
1050
1052
1060
1069
1089
1102
1113
1115
1116
1117
1118
1120
1127
1128
1145
1148
1150
1151
1161
1162
1165
1168
1169
1175
1198
1199
1206
1208
1209
1215
1216
1218
1220
1221
1222
1230
1239
1241
1242
1257
1271
1274
1275
1276
1278
1279
1282
1283
1288
1299
1306
1308
1311
1314
1315
1316
1335
1336
1338
1344
1353
1356
1360
1363
1364
1366
1367
1375
1378
1379
1396
1411
1412
1413
1421
1426
1428
1431
1432
1436
1438
1439
1442
1444
1445
1463
1466
1474
1477
1478
1480
1486
1528
1529
1530
1531
1532
1533
1534
1535
1536
1537
1546
1557
1563
1567
1576
1589
1590
1606
1608
1609
1612
1615
1616
1618
1619
1621
1623
1628
1629
1632
1639
1647
1655
1665
1666
1669
1688
1692
1695
1706
1707
1715
1726
1738
1739
1751
1754
1779
1781
1783
1792
1796
1797
1800
1802
1803
1805
1806
1808
1809
1812
1813
1815
1818
1819
1820
1822
1824
1825
1826
1831
1835
1837
1839
1841
1848
1850
1852
1854
1856
1857
1858
1860
1861
1862
1863
1864
1875
1877
1878
1883
1886
1888
1889
1890
1893
1894
1897
1898
1901
1904
1905
1909
1913
1915
1916
1917
1921
1923
1924
1925
1928
1929
1930
1938
1944
1947
1951
1955
1958
1960
1961
1962
1963
1964
1978
1979
1980
1984
1985
1989
2001
2002
2004
2007
2009
2010
2011
2016
2017
2026
2029
2033
2035
2037
2038
2039
2040
2043
2044
2046
2047
2048
2049
2051
2053
2071
2072
2079
2081
2082
2083
2086
2087
2093
2098
2105
2109
2110
2111
2115
2119
2120
2133
2135
2137
2143
2148
2149
2153
2158
2159
2162
2168
2169
2173
2175
2188
2194
2201
2202
2208
2218
2219
2228
2246
2248
2250
2252
2260
2261
2273
2278
2279
2281
2289
2290
2295
2300
2312
2319
2331
2332
2333
2335
2342
2352
2358
2365
2366
2367
2369
2370
2372
2374
2389
2390
2393
2396
2398
2399
2403
2407
2408
2409
2410
2414
2422
2426
2433
2440
2443
2462
2463
2469
2470
2474
2479
2481
2484
2486
2488
2492
2498
2503
2516
2517
2521
2522
2530
2533
2534
2538
2541
2545
2547
2555
2556
2559
2561
2563
2564
2571
2581
2582
2583
2585
2590
2593
2595
2597
2603
2607
2608
2612
2623
2631
2632
2635
2636
2639
2640
2641
2657
2659
2668
2672
2674
2675
2676
2677
2678
2681
2686
2687
2690
2694
2698
2706
2707
2711
2712
2714
2717
2720
2722
2729
2730
2732
2733
2737
2740
2741
2743
2748
2749
2750
2752
2753
2754
2755
2756
2758
2763
2765
2768
2769
2771
2781
2785
2786
2790
2792
2796
2801
2803
2805
2807
2815
2829
2831
2832
2833
2838
2840
2841
2848
2857
2859
2864
2866
2874
2875
2879
2884
2885
2891
2896
2904
2906
2913
2915
2916
2925
2931
2943
2949
2951
2956
2960
2961
2964
2968
2969
2970
2971
2974
2977
2979
2984
3008
3009
3015
3017
3021
3023
3032
3039
3046
3052
3060
3065
3075
3083
3086
3087
3093
3096
3097
3100
3103
3109
3111
3114
3117
3122
3125
3128
3130
3132
3146
3158
3165
3167
3168
3172
3179
3180
3184
3190
3193
3194
3195
3196
3197
3201
3202
3208
3214
3218
3220
3224
3225
3227
3232
3233
3234
3236
3237
3239
3240
3244
3245
3246
3248
3249
3251
3254
3277
3278
3287
3288
3301
3308
3310
3315
3338
3340
3346
3358
3363
3371
3382
3384
3403
3421
3422
3425
3436
3438
3451
3456
3465
3473
3474
3497
3500
3503
3541
3608
3641
3663
3678
3680
3681
3683
3689
3770
3780
3787
3791
3801
3811
3823
3835
3853
3864
3867
3871
3876
3880
3886
3889
3890
3891
3892
3907
3908
3913
3925
3928
3936
3943
3946
3980
3991
4002
4004
4005
4011
4014
4018
4022
4024
4032
4036
4037
4053
4060
4062
4066
4067
4070
4072
4098
4103
4109
4123
4129
4136
4144
4146
4156
4157
4159
4160
4184
4188
4190
4198
4199
4204
4212
4215
4222
4226
4230
4235
4245
4246
4251
4257
4269
4273
4276
4287
4288
4292
4296
4301
4302
4304
4312
4318
4323
4329
4335
4343
4366
4367
4368
4374
4382
4383
4385
4399
4400
4407
4409
4411
4421
4423
4426
4430
4431
4435
4441
4443
4446
4452
4457
4469
4473
4480
4482
4505
4546
4556
4557
4561
4567
4575
4580
4581
4582
4585
4588
4603
4605
4613
4614
4617
4633
4634
4637
4640
4647
4651
4653
4657
4659
4663
4665
4674
4686
4693
4699
4706
4715
4716
4717
4725
4744
4745
4746
4763
4765
4771
4773
4774
4775
4792
4811
4822
4829
4833
4834
4839
4841
4850
4864
4881
4887
4892
4907
4941
4961
4978
5018
5021
5039
5084
5085
5124
5135
5159
5198
5216
5241
5269
5278
5423
5546
5567
5613
5626
5790
5798
5837
5850
5855
5877
5888
5900
6102
